[0 1]
[0 1]
[1 2 3 4 5]
[2 1 3 4 5]
[0 1 2 3]
[0 1 2]
[23 30 33 29 32 34 31 28 35 27 36 38 39 25 26 37 41 40 42 24]
[0 1 2 3 4 5]
[36 31 34 37 30 35 26 32 28 29 33 38 27 42 40 39 41 25 22 44 45 43 24 46
 23]
[3 2 1 0 4 5]
[0 1 2 3 4]
[0 1 2]
[0 1 2]
[1 0 5 4 2 3]
[1 0 5 3 4 2]
[-2  0 -5 -1 -3 -4]
[2 0 5 4 3 1]
[2 0 5 4 3 1]
[-2  0 -5 -1 -3 -4]
[2 0 5 4 1 3]
[2 0 5 4 3 1]
[2 0 5 4 3 1]
[2 0 5 1 3 4]
[2 0 5 1 4 3]
[2 0 5 4 3 1]
[-2  0 -5 -1 -4 -3]
[2 0 5 4 3 1]
[-2  0 -5 -4 -1 -3]
[2 0 5 4 3 1]
[2 0 5 4 3 1]
[2 0 5 4 3 1]
[2 0 5 4 3 1]
[2 0 5 4 3 1]
[2 0 5 4 3 1]
[2 0 5 4 1 3]
[-2  0 -5 -4 -3 -1]
[2 0 5 4 3 1]
[2 0 5 4 3 1]
[-2  0 -5 -1 -3 -4]
[2 0 5 4 3 1]
[-2  0 -5 -3 -1 -4]
[2 0 5 4 3 1]
[-2  0 -5 -1 -3 -4]
[2 0 5 4 1 3]
[2 0 5 4 3 1]
[0 4 2 5 1 3]
[ 0 -3 -2 -4 -1 -5]
[0 2 4 5 3 1]
[0 4 3 5 1 2]
[0 3 2 4 5 1]
[0 3 2 4 5 1]
[0 3 2 5 4 1]
[0 3 5 4 2 1]
[0 1 4 2 3 5]
[0 2 4 3 5 1]
[0 2 1 4 5 3]
[0 4 3 5 2 1]
[0 3 4 2 5 1]
[0 3 5 4 2 1]
[0 3 2 4 5 1]
[ 0 -2 -4 -1 -3 -5]
[0 4 3 5 2 1]
[0 4 3 5 2 1]
[0 4 3 5 2 1]
[0 4 2 3 5 1]
[0 4 5 3 1 2]
[0 4 3 2 5 1]
[0 4 5 3 2 1]
[0 4 5 3 2 1]
[ 0 -2 -4 -3 -1 -5]
[0 4 2 3 5 1]
[0 4 2 5 3 1]
[0 4 1 3 5 2]
[ 0 -2 -3 -1 -4 -5]
[0 4 5 3 2 1]
[0 4 3 5 2 1]
[0 4 3 5 2 1]
[0 4 5 2 3 1]
[0 4 2 5 3 1]
[ 0 -1 -2 -3 -4 -5]
[0 3 2 4 5 1]
[0 3 5 2 4 1]
[ 0 -2 -4 -1 -3 -5]
[0 4 3 2 5 1]
[ 0 -2 -4 -1 -3 -5]
[0 4 3 5 1 2]
[0 5 4 3 2 1]
[0 5 4 3 2 1]
[0 5 4 3 2 1]
[0 5 4 3 1 2]
[0 5 4 2 3 1]
[0 5 4 3 2 1]
[0 5 4 3 2 1]
[0 5 4 3 2 1]
[0 5 4 3 2 1]
[0 5 4 3 2 1]
[0 5 4 3 2 1]
[0 5 4 3 2 1]
[0 5 4 3 2 1]
[0 5 4 3 2 1]
[ 0 -5 -1 -2 -3 -4]
[0 5 4 3 2 1]
[0 5 3 2 4 1]
[0 5 3 2 4 1]
[0 5 4 3 2 1]
[ 0 -5 -1 -2 -3 -4]
[0 4 5 3 2 1]
[0 4 5 3 2 1]
[0 5 4 3 2 1]
[ 0 -1 -2 -5 -3 -4]
[0 4 5 3 2 1]
[ 0 -3 -1 -2 -5 -4]
[0 4 5 3 2 1]
[0 5 4 3 2 1]
[0 5 4 3 2 1]
[0 5 4 3 2 1]
[0 2 4 5 3 1]
[ 0 -2 -1 -3 -5 -4]
[0 5 4 3 1 2]
[0 5 3 4 2 1]
[0 5 3 2 1 4]
[0 5 4 3 2 1]
[0 5 4 3 2 1]
[0 5 4 3 2 1]
[0 5 4 3 2 1]
[ 0 -2 -5 -3 -1 -4]
[0 5 4 3 2 1]
[ 0 -5 -1 -2 -3 -4]
[0 5 4 3 2 1]
[ 0 -2 -1 -3 -5 -4]
[0 5 4 3 2 1]
[ 0 -5 -1 -2 -3 -4]
[0 5 4 3 2 1]
[0 5 4 3 2 1]
[0 5 4 3 2 1]
[ 0 -2 -1 -5 -3 -4]
[0 5 4 3 2 1]
[0 5 4 3 2 1]
[0 5 4 3 2 1]
